0 0.286274164786701 0.5873503220759423 0.11059480554152891 0.12258406543430539
0 0.3638957350990881 0.5096600672237108 0.20650888468373899 0.05431868767747652
0 0.2559337760419089 0.39764615121168945 0.18399843753811826 0.0638611598370331
0 0.21490473710378527 0.3565308043909405 0.17421128660523982 0.06386115983703304
0 0.3716153075195761 0.33531292664678447 0.1301691074072855 0.0770738135964192
0 0.3454864279306169 0.288597539849821 0.046978324477817565 0.006606326879693079
0 0.44727279763255495 0.23905008825212273 0.16246670548578585 0.05872290559727204
0 0.24272134313539084 0.25446485097140664 0.17616871679181592 0.061659050877135614
0 0.686248150993967 0.24831834473958403 0.09004178858248324 0.10423315743515746
0 0.6459519615699919 0.2636403049709804 0.01565944149260595 0.006606326879693079
