0 0.27555747615961085 0.7136845331543314 0.1716514954486343 0.09622886866059814
0 0.5315652628877046 0.6410923276983083 0.13031734848889223 0.11443433029908952
0 0.491988506726433 0.5733620771355116 0.09004178858248302 0.11404065967841326
0 0.5745057597599775 0.4207240774436829 0.1389775432468771 0.06826537775682873
0 0.743901303479885 0.4317894329725405 0.15365826964619364 0.060190978237203326
0 0.7500448432160697 0.41218506167207486 0.05872290559727166 0.12038195647440726
0 0.7560574095648769 0.3275014648080137 0.036212458451650914 0.013946690079352066
0 0.8769711624229916 0.39054320186455466 0.1546369847394817 0.052116578717578514
0 0.872035148119489 0.3161239018485423 0.019574301865757492 0.013212653759386263
0 0.6799484318289517 0.3684284487662152 0.10276508479522319 0.09762683055546276
0 0.6395903134636206 0.3293365556079284 0.04991446975768113 0.14093497343345276
0 0.659424354910118 0.615173861334388 0.10667994516837669 0.12038195647440703
