0 0.07282184655396617 0.9791937581274383 0.14564369310793235 0.04161248374512354
0 0.30082358040745555 0.8459037711313394 0.24100563502384043 0.23797139141742518
0 0.05596776815546885 0.8326976479653202 0.10422267467415064 0.051536936507838395
0 0.053856637589896936 0.7766553848167389 0.04854789770264403 0.02470741222366725
0 0.08062418725617686 0.5039011703511054 0.16124837451235371 0.10273081924577376
0 0.15121817547926483 0.6528259624650259 0.15084525357607279 0.2327698309492855
0 0.3250975292587776 0.44668400520156043 0.140442132639792 0.23276983094928475
0 0.5775286079744323 0.37395256230459745 0.27221499783268344 0.14824447334200266
0 0.13610749891634158 0.299739921976593 0.14044213263979194 0.20416124837451236
0 0.02860858257477243 0.2886866059817945 0.05721716514954486 0.09622886866059815
